OrderedDict([('fc1.weight', tensor([[-0.0575,  0.0208,  0.0038,  0.1466,  0.1468,  0.0942,  0.0655, -0.1361,
         -0.1197, -0.0101,  0.2064,  0.1655, -0.1963, -0.2140, -0.2175,  0.1382,
          0.1774, -0.0360,  0.0312, -0.0756],
        [-0.0933,  0.0655,  0.2101, -0.1824, -0.0823,  0.0168, -0.1727, -0.1463,
          0.1269, -0.1349, -0.1857,  0.0767, -0.0833,  0.1608,  0.2214,  0.1618,
          0.0810,  0.0466,  0.1527, -0.0912],
        [-0.0187, -0.0681,  0.0719, -0.0638,  0.2423,  0.1930, -0.0811,  0.2564,
         -0.1733, -0.1435,  0.0630,  0.1158,  0.2706,  0.2324, -0.0824,  0.0858,
         -0.2120,  0.1343,  0.1340, -0.1761],
        [-0.2308, -0.2438,  0.0483, -0.0087,  0.0757,  0.1392, -0.1373, -0.0226,
          0.0162,  0.0079, -0.1102, -0.0828,  0.0862, -0.0105,  0.1735, -0.2307,
          0.0878,  0.0828, -0.1457, -0.2184],
        [ 0.1326, -0.1094, -0.0595, -0.0681, -0.2107, -0.0420, -0.1305,  0.1384,
         -0.1573, -0.0208,  0.1683, -0.1498, -0.0738,  0.1938, -0.1644,  0.0755,
          0.0567,  0.0155, -0.1648,  0.1891],
        [ 0.1151,  0.0091,  0.1520,  0.0547,  0.0380,  0.0488,  0.1229,  0.1604,
         -0.1613, -0.0829, -0.0222,  0.0090, -0.0784, -0.0977, -0.0397,  0.1000,
         -0.0678,  0.0343, -0.0963, -0.0782],
        [ 0.1141,  0.0785, -0.0434,  0.0675,  0.1159, -0.1597, -0.2326, -0.0896,
         -0.2329, -0.0955, -0.1930, -0.2164,  0.0447, -0.1093, -0.2090, -0.1097,
          0.1430, -0.0032, -0.0346, -0.1481],
        [ 0.0156,  0.1060, -0.1342,  0.0690,  0.1297,  0.0139, -0.1498,  0.1086,
         -0.1949, -0.1910, -0.0035, -0.0569, -0.2114,  0.0246,  0.1189, -0.0523,
          0.0989, -0.1954, -0.1623, -0.0804],
        [-0.1011, -0.0343, -0.0135, -0.1808,  0.1007,  0.0666, -0.1626, -0.0736,
          0.1286,  0.1720, -0.0711,  0.1263, -0.0017,  0.1562,  0.0529,  0.0932,
         -0.0692, -0.0495, -0.1836,  0.2133],
        [ 0.0763, -0.1448,  0.0746,  0.1557, -0.1571, -0.0562,  0.1430,  0.0396,
          0.0586, -0.0157,  0.1858,  0.1113,  0.0934,  0.1611,  0.0108,  0.0699,
          0.1650, -0.0009, -0.1180,  0.0257],
        [-0.0945,  0.0418, -0.1449,  0.0714,  0.1853, -0.0104,  0.2189,  0.0414,
         -0.1861, -0.1581,  0.0652,  0.2492,  0.1668,  0.0270, -0.1706,  0.1981,
          0.1546, -0.1909,  0.1826,  0.1093],
        [ 0.1439,  0.0221, -0.1150, -0.0463, -0.1514,  0.1656,  0.1677, -0.1320,
          0.1080,  0.2099, -0.1141,  0.0165, -0.1418, -0.0171, -0.1776,  0.1372,
          0.1581, -0.1467, -0.2136, -0.1054],
        [-0.1297, -0.0707,  0.1341,  0.2070, -0.0861, -0.0871,  0.0226, -0.2027,
          0.1925,  0.1185, -0.0283, -0.1889, -0.0481,  0.0596,  0.0613,  0.0809,
         -0.1785,  0.1411, -0.1997,  0.1428],
        [ 0.0364, -0.0658, -0.1740, -0.0463,  0.1149,  0.1735,  0.1002, -0.1811,
          0.1377,  0.2163,  0.1484,  0.0755, -0.0931, -0.0750, -0.1057, -0.0028,
         -0.1054, -0.0556, -0.2000, -0.0915],
        [ 0.1771,  0.2402,  0.0368, -0.0963, -0.0372, -0.0266,  0.0370, -0.1110,
          0.2028,  0.1131,  0.1970,  0.1661, -0.1912, -0.0084,  0.1308,  0.0695,
          0.0799, -0.1508,  0.0759, -0.0600],
        [-0.1563, -0.0533,  0.0621,  0.1892,  0.0573, -0.1729, -0.1448,  0.1422,
         -0.2186, -0.1990,  0.0687,  0.1024,  0.0759, -0.1406,  0.1042,  0.0964,
         -0.2142,  0.1252,  0.1187,  0.0523],
        [-0.1735,  0.1612, -0.0213,  0.1710,  0.1271,  0.1858,  0.0435,  0.1125,
         -0.1087, -0.0393,  0.0009,  0.0645,  0.2149,  0.0402, -0.0591,  0.1647,
          0.0868, -0.1428, -0.0399, -0.1386],
        [-0.0260, -0.0276, -0.1784, -0.1630,  0.0516, -0.1402, -0.1169,  0.0115,
          0.1474,  0.0023, -0.1653, -0.1348, -0.1133, -0.0876,  0.0707, -0.0887,
         -0.0283,  0.1241,  0.0119,  0.0481],
        [ 0.0733,  0.0595, -0.1895, -0.0136, -0.1105, -0.0359,  0.0877,  0.0056,
          0.2169,  0.0773,  0.0133, -0.0298, -0.0381, -0.1121,  0.0437, -0.1610,
         -0.1245, -0.0437, -0.0685, -0.1050],
        [-0.1281,  0.0743, -0.2161,  0.1168,  0.1276, -0.0116, -0.0717, -0.0877,
         -0.0812,  0.0409,  0.0945,  0.0585,  0.0314, -0.0823, -0.2229, -0.0384,
         -0.0737, -0.0635,  0.0737, -0.1116]])), ('fc1.bias', tensor([-0.1530,  0.0654,  0.1342,  0.1847,  0.0562, -0.1165, -0.2293, -0.1837,
         0.1027, -0.0861,  0.1667,  0.1078, -0.1083,  0.1236, -0.0810, -0.1869,
         0.1513, -0.1829, -0.2075,  0.1630])), ('fc2.weight', tensor([[-0.0159, -0.1069, -0.0624,  0.1167, -0.0962,  0.1265,  0.0645, -0.1924,
          0.0726, -0.0939,  0.0022, -0.0306, -0.1808,  0.0139, -0.1930,  0.0929,
         -0.1614, -0.2123, -0.1708, -0.1493],
        [-0.0248, -0.1396,  0.1117,  0.1143,  0.0738, -0.1034,  0.1529,  0.1292,
         -0.0102, -0.0949, -0.1164,  0.0883,  0.0630,  0.0174, -0.0196, -0.0900,
          0.1742,  0.0667, -0.1030,  0.0771],
        [-0.1986, -0.0833,  0.0614,  0.0174,  0.1107, -0.0571, -0.0814, -0.0292,
          0.1414, -0.1984, -0.1142,  0.1347,  0.1436,  0.0496, -0.2038,  0.0310,
          0.0680,  0.0365,  0.1507,  0.0853],
        [ 0.0834,  0.1850,  0.1692,  0.0830,  0.1665,  0.0290,  0.1457,  0.0374,
          0.0879, -0.1800,  0.0117, -0.0124,  0.1111,  0.1291,  0.0316,  0.1850,
          0.1596, -0.0043, -0.1654,  0.0908],
        [-0.0096, -0.1807,  0.1344, -0.0563, -0.2099, -0.1900, -0.1302, -0.0492,
          0.1703,  0.0736, -0.1227,  0.0374, -0.2149,  0.0398, -0.0188, -0.0512,
          0.1708, -0.0029, -0.2050,  0.0679],
        [ 0.0283, -0.0078, -0.1691, -0.1091,  0.1444, -0.1317, -0.1168, -0.1809,
         -0.1628,  0.0814,  0.1185, -0.0132,  0.1119,  0.1340, -0.1150, -0.0254,
         -0.1498,  0.1005,  0.1068,  0.0402],
        [ 0.1703,  0.1155, -0.0634,  0.1756, -0.0933,  0.1495,  0.0310,  0.2374,
          0.0918,  0.0637,  0.1953,  0.1215, -0.1843, -0.1652,  0.2179, -0.1527,
         -0.0185, -0.0192,  0.1887, -0.1525],
        [ 0.1221,  0.1935, -0.2012,  0.1086, -0.1818, -0.1990,  0.0206, -0.0783,
          0.0887, -0.0987, -0.0764, -0.2407, -0.1712, -0.1735,  0.1443, -0.1369,
          0.1291,  0.2142, -0.0799,  0.2172],
        [ 0.0877, -0.0674, -0.1805,  0.0827, -0.0200, -0.1753,  0.0151, -0.1971,
          0.1278,  0.2058, -0.1701,  0.0881, -0.0842,  0.1478, -0.0851, -0.0389,
          0.0019, -0.0738, -0.0477, -0.1425],
        [-0.2046,  0.0667,  0.1727,  0.1583, -0.1827,  0.0771,  0.0535, -0.1842,
          0.2436,  0.0382, -0.1534,  0.1725, -0.1315, -0.1368, -0.1983, -0.1685,
         -0.0236,  0.1145,  0.0861,  0.0939],
        [ 0.1305,  0.0302,  0.0182, -0.1550,  0.0317,  0.0047,  0.0486,  0.1702,
          0.1749, -0.1393, -0.1229, -0.0424, -0.1673, -0.0371,  0.2229, -0.1560,
          0.0275, -0.0110, -0.0412,  0.0874],
        [-0.0702, -0.0879, -0.0481, -0.1508,  0.0079, -0.1844, -0.0208,  0.0289,
          0.0222, -0.0300,  0.0968, -0.1915,  0.0936, -0.1291,  0.1546, -0.1441,
          0.0057,  0.0229, -0.0655,  0.0590],
        [ 0.1397, -0.0009,  0.0221, -0.0143,  0.0556, -0.1880, -0.1962,  0.2254,
         -0.2087, -0.1253, -0.1271, -0.1924,  0.1243, -0.0965,  0.1229, -0.1298,
          0.0679, -0.1850,  0.0427,  0.1258],
        [ 0.1845, -0.2246, -0.2162, -0.1546,  0.0530, -0.0979, -0.0020, -0.1965,
          0.0996, -0.0278, -0.0138, -0.2505,  0.1790,  0.0893,  0.1597,  0.1950,
          0.1852, -0.1121, -0.0462, -0.1107],
        [ 0.0852,  0.0243,  0.0682,  0.1866,  0.1460,  0.1828, -0.0396, -0.0060,
          0.1408, -0.1019,  0.0250, -0.1454, -0.1816, -0.0628,  0.0463,  0.1028,
          0.0319, -0.1426, -0.0029, -0.0986],
        [ 0.1518,  0.1410, -0.1308, -0.0661,  0.0081, -0.1934, -0.0547,  0.0674,
         -0.1617, -0.0706, -0.0476, -0.2298, -0.0024, -0.0230, -0.0679,  0.0019,
         -0.0379, -0.0916,  0.2186,  0.0361],
        [ 0.0422,  0.2105,  0.0155, -0.0634, -0.1321,  0.0877, -0.0183, -0.1428,
         -0.1717, -0.1535, -0.1820,  0.1897, -0.0939,  0.0280, -0.1095,  0.1641,
         -0.0624,  0.0740, -0.0984, -0.0622],
        [ 0.0456,  0.0648, -0.0367,  0.1751,  0.1954, -0.1965,  0.2185, -0.1554,
         -0.2060,  0.0581, -0.0806,  0.1327,  0.1331, -0.1983,  0.1591,  0.0896,
          0.0166,  0.0465,  0.1681, -0.1102],
        [ 0.1904, -0.2167, -0.2260,  0.1570, -0.0421,  0.1173, -0.0567, -0.1101,
         -0.1949, -0.1127,  0.0748,  0.0627,  0.1175,  0.0551, -0.1521,  0.0613,
          0.1791,  0.1336, -0.1991, -0.0148],
        [ 0.0386,  0.0809, -0.0818,  0.0884,  0.0975,  0.1741,  0.0781,  0.0889,
          0.1372, -0.1642, -0.1516, -0.1081, -0.0044,  0.0467, -0.1909, -0.2326,
          0.1105, -0.0823, -0.1273,  0.0708]])), ('fc2.bias', tensor([-0.2359, -0.1508, -0.1310,  0.0840, -0.0978, -0.0145, -0.1496,  0.1217,
         0.1679,  0.1325,  0.0742,  0.0409,  0.0602,  0.0455,  0.0079,  0.0431,
        -0.0278, -0.1980,  0.0401,  0.1134])), ('fc3.weight', tensor([[-1.6680e-01, -6.5855e-02, -1.4047e-01, -1.9110e-01,  2.0005e-01,
         -1.2042e-01,  3.6221e-02,  1.6966e-01,  1.2144e-01, -1.0609e-01,
          7.1731e-02,  7.1215e-02, -2.0266e-01,  1.4169e-01,  1.4194e-01,
         -2.4396e-01,  2.1761e-01,  8.2451e-02,  7.1517e-02, -1.2371e-01],
        [ 5.6465e-03, -2.0825e-01, -2.0123e-01, -5.3964e-02, -1.4761e-01,
         -4.6840e-02, -1.2355e-01,  6.5033e-02,  2.2855e-01,  8.4673e-02,
         -2.1507e-01, -1.6919e-01,  1.7921e-01,  4.7434e-02,  7.6154e-03,
         -8.7257e-02, -1.1586e-01,  1.4462e-01, -8.8699e-02,  2.1225e-01],
        [-1.4561e-01,  1.3263e-01,  8.0788e-02,  3.6259e-02,  1.8360e-01,
          1.8748e-01, -1.4882e-01, -8.2213e-02,  1.9565e-01,  1.8383e-01,
         -1.3399e-01, -5.2987e-02, -6.1919e-02, -5.5118e-02, -6.7809e-02,
          2.6629e-02, -1.1466e-01,  1.2875e-01, -1.6518e-01,  1.5028e-02],
        [-9.5005e-02,  1.4227e-01,  2.3996e-02,  1.3758e-01, -1.0626e-01,
         -7.8787e-03,  1.6254e-01, -1.0887e-01,  1.7872e-01,  4.4229e-02,
          1.9249e-01,  2.1221e-01,  1.8374e-03,  1.3269e-01,  5.1572e-02,
         -4.3257e-02,  1.4734e-02, -2.0433e-01, -2.7685e-02, -1.4130e-01],
        [ 1.8027e-01, -1.8395e-01,  1.6539e-01, -1.7320e-01,  1.5289e-01,
          1.4584e-01, -1.2556e-01,  2.0899e-01,  1.2982e-01, -1.4506e-01,
          7.0838e-02,  1.0268e-01,  8.4174e-02,  1.5849e-01,  1.1393e-01,
         -1.9791e-01, -5.0950e-02, -1.6319e-01,  1.1066e-01,  1.9923e-01],
        [-8.5579e-02, -8.0641e-03, -1.1686e-01, -1.6972e-01,  1.8004e-01,
         -1.4154e-01,  1.5451e-02,  1.2010e-01,  2.3236e-02, -6.5787e-02,
         -4.8489e-02,  1.3572e-01,  9.6120e-02, -3.2319e-02,  1.4157e-02,
         -6.0335e-02,  6.6206e-02,  5.4256e-02,  4.7499e-02,  1.1457e-01],
        [-1.4357e-02, -5.3830e-02, -5.9257e-02,  4.5177e-02, -7.6956e-03,
          3.1196e-02, -6.6142e-02, -1.8807e-01, -1.3503e-01, -1.9826e-01,
          6.0063e-02, -6.8697e-02,  4.1366e-02,  1.2093e-01,  1.4447e-01,
         -9.2433e-02,  9.3200e-02,  5.5314e-02, -2.1670e-01,  7.9136e-02],
        [ 3.5788e-02,  7.1494e-02, -1.5073e-01,  1.7746e-01, -7.6028e-02,
          1.4898e-01,  5.9339e-02, -9.3177e-02, -6.1275e-02,  8.2682e-03,
          1.4675e-01,  9.4422e-02, -1.6631e-01, -1.3122e-01, -1.7286e-01,
         -2.8498e-02,  1.3357e-02, -1.6811e-02, -1.5337e-01,  3.2503e-02],
        [ 5.2003e-02, -2.7865e-02,  5.6502e-02, -1.5322e-01, -7.1421e-02,
          2.2997e-02,  1.0729e-01,  1.0450e-01,  4.9226e-03,  9.7674e-02,
         -4.8220e-02, -1.4243e-01, -5.4377e-02,  2.6318e-02, -1.8211e-01,
         -5.1084e-02, -6.3671e-02,  1.5426e-02,  1.5862e-01, -1.1583e-01],
        [ 8.9311e-02,  2.2388e-01, -5.1347e-02,  1.5901e-01,  1.6862e-01,
         -1.9845e-01, -4.6174e-02,  1.0781e-01,  1.0483e-01,  3.6162e-02,
          9.7546e-03,  2.0454e-01, -1.8668e-01,  7.8223e-02, -1.6227e-01,
          1.7226e-01, -1.5419e-01,  3.5414e-02, -1.8785e-02,  3.5823e-02],
        [-8.8140e-02, -1.3817e-01,  8.7680e-03, -1.4817e-01,  1.3657e-01,
         -1.7977e-02, -3.3862e-02,  1.1666e-02, -2.1104e-01, -1.1164e-01,
          1.6760e-01,  1.1817e-01,  4.3895e-04,  9.5890e-02, -9.6114e-02,
         -1.3296e-01,  6.4415e-02,  2.2161e-01, -7.0889e-02, -3.7997e-02],
        [-5.0291e-02,  2.1841e-01,  1.3402e-01, -1.7268e-01,  7.2717e-02,
         -3.6138e-02,  6.9654e-02,  1.6402e-01,  1.8194e-02, -1.5070e-01,
         -4.0177e-02,  6.4435e-03,  1.6124e-01, -4.4966e-02, -2.0198e-01,
          2.1529e-01,  7.2267e-02,  1.7066e-01, -1.7826e-01, -4.4797e-02],
        [ 1.6557e-01,  8.2172e-02, -5.6868e-02, -4.8284e-02, -4.9657e-02,
          8.9149e-03,  1.9084e-01,  1.2521e-01,  1.3919e-01,  4.2222e-02,
          1.6976e-01,  1.3583e-01, -1.5487e-01, -8.5998e-02,  8.3031e-02,
          1.9900e-01,  6.9293e-03, -1.8488e-01, -2.7734e-02,  3.4612e-02],
        [-1.4727e-01, -4.1237e-02, -1.5843e-02,  1.7982e-01, -6.8894e-02,
          5.8474e-02, -1.4394e-01, -5.1876e-03, -6.6071e-03,  1.2430e-01,
          3.0978e-02,  1.7766e-01,  1.3639e-01,  2.6453e-02, -2.1360e-01,
         -9.5142e-02,  1.7633e-01, -1.9810e-01, -1.6661e-02,  1.7787e-01],
        [-1.3286e-01,  6.7235e-02,  8.0531e-02, -1.3422e-01, -1.6354e-01,
          9.4912e-02, -4.0808e-02,  2.7319e-02,  2.6528e-01,  1.0086e-01,
         -8.8094e-02,  1.3156e-01, -1.1234e-02,  2.2934e-01, -1.6795e-01,
          1.1189e-01,  1.8214e-01, -1.2361e-01, -1.5270e-01, -8.1758e-02],
        [-1.6724e-01, -1.7335e-01, -4.1452e-02, -5.1041e-03,  1.4900e-01,
         -1.1980e-03,  2.3817e-01,  1.4702e-01, -5.6259e-02, -2.2955e-02,
         -1.0943e-01,  1.9237e-01, -3.8690e-03,  4.1098e-02, -6.3476e-02,
         -2.0186e-01, -4.1627e-02, -6.9718e-02,  6.2161e-02, -2.0331e-01],
        [ 8.2323e-05, -7.1114e-02, -1.9605e-01,  1.0224e-01, -1.9233e-01,
          5.1168e-03,  4.3732e-02, -1.9949e-01,  8.0493e-02, -3.5725e-02,
         -1.9538e-01, -1.6385e-01, -1.3340e-01,  1.2069e-01, -7.4116e-02,
          2.8904e-02,  6.5824e-02, -9.2830e-03,  6.7362e-02, -1.7851e-01],
        [-6.0828e-02, -4.1340e-02,  2.0252e-01, -1.7724e-01,  7.5392e-02,
         -9.0653e-02,  1.2868e-02,  1.2066e-01, -2.3498e-01,  1.7384e-01,
          8.6451e-02,  1.6656e-01,  8.5425e-02, -3.3121e-02,  1.2358e-01,
         -1.3714e-01,  6.0645e-02, -1.1464e-01, -6.6407e-02,  6.5693e-02],
        [ 1.5207e-01, -7.6657e-02, -1.3331e-01,  2.0642e-01,  2.0041e-01,
          1.3566e-01, -4.6316e-02, -2.1838e-01, -1.0638e-01, -1.0472e-01,
          1.8043e-01,  1.9833e-01,  8.6720e-02, -1.4101e-01,  6.4353e-02,
          2.1269e-01, -2.1400e-01, -1.9513e-01,  1.3873e-01,  7.6910e-02],
        [ 1.4259e-03, -2.5397e-02,  1.0665e-01, -6.2830e-02, -1.2446e-01,
          1.8404e-01, -1.2817e-01, -5.6705e-02,  2.9414e-02, -7.2653e-02,
          1.3587e-01, -8.5366e-02, -3.3342e-02, -2.2630e-01, -1.1981e-01,
          1.9529e-01, -4.1260e-02, -2.1433e-01, -2.1305e-01, -2.5459e-02]])), ('fc3.bias', tensor([ 0.0004,  0.0488,  0.2208, -0.2160, -0.0453, -0.1413, -0.1387, -0.1917,
        -0.0268,  0.0171,  0.1820, -0.2107,  0.1944, -0.0910,  0.1259, -0.0513,
        -0.0432, -0.0293,  0.0195,  0.0831])), ('fc41.weight', tensor([[ 0.1430,  0.0927,  0.0950, -0.2240,  0.0516, -0.0685, -0.0293,  0.1596,
         -0.1536, -0.1383, -0.2175,  0.0657, -0.1355,  0.1686, -0.0976, -0.0095,
          0.2463,  0.1279, -0.2375,  0.1253],
        [-0.2232, -0.1259, -0.1645,  0.1572, -0.0966, -0.0993,  0.0565,  0.1250,
         -0.1579, -0.1057,  0.1469, -0.0707,  0.0200,  0.1381, -0.1784,  0.2596,
          0.0349, -0.0889, -0.0504, -0.0753],
        [-0.1371, -0.0950,  0.2107,  0.0926,  0.2056,  0.1313, -0.0717, -0.0794,
         -0.0709, -0.1390,  0.0392, -0.0896,  0.0683, -0.0479,  0.0995, -0.0658,
          0.1922, -0.2258, -0.0640,  0.0096],
        [ 0.2266, -0.0777,  0.0784, -0.0677, -0.0201, -0.0936,  0.0228, -0.1223,
          0.1936,  0.1012,  0.2200,  0.0174, -0.0064,  0.2059,  0.1263,  0.0827,
         -0.0960, -0.0389, -0.1354,  0.1431],
        [-0.1427,  0.0989, -0.0225,  0.1032,  0.0089, -0.1987,  0.0221,  0.2109,
          0.0264,  0.1195,  0.1676, -0.0985, -0.1600,  0.1523, -0.1143,  0.0531,
         -0.0092, -0.1500,  0.1151, -0.2225],
        [-0.1703,  0.1198,  0.1264, -0.0058, -0.1214, -0.0464, -0.1039,  0.2067,
         -0.1840,  0.0337,  0.1712,  0.1633, -0.2269,  0.1488, -0.0919,  0.1603,
          0.2259, -0.1611,  0.1759, -0.2161],
        [ 0.2097,  0.1163,  0.1295, -0.1416,  0.1409,  0.1212,  0.0171,  0.0572,
         -0.0531, -0.0660,  0.0922,  0.1607,  0.1109, -0.1229, -0.1592, -0.1019,
          0.0106,  0.2035,  0.0685,  0.1029],
        [-0.1772, -0.1648, -0.1205,  0.0681, -0.0981, -0.0148, -0.0443, -0.0481,
          0.0785, -0.0261, -0.1856, -0.0895,  0.1078, -0.1810, -0.0719,  0.1498,
          0.1277,  0.1453, -0.0891,  0.1041],
        [-0.0774,  0.1235,  0.1757, -0.2058, -0.1642, -0.0102,  0.1844, -0.1647,
          0.0515, -0.2192,  0.0871,  0.0950, -0.0893, -0.0544, -0.2250, -0.0437,
         -0.0383,  0.0743,  0.1401, -0.0228],
        [ 0.0482, -0.0893, -0.0117, -0.1090,  0.1630,  0.1556,  0.0055, -0.1008,
          0.1397,  0.0326, -0.0510, -0.1327,  0.0395, -0.0247,  0.0056, -0.1406,
          0.0102, -0.1693,  0.0955,  0.1626],
        [-0.2234,  0.0903,  0.0622,  0.1771, -0.1516,  0.1812, -0.1155,  0.0308,
         -0.0452, -0.2136, -0.2503,  0.0761,  0.1415, -0.1617,  0.0803,  0.1059,
          0.1657,  0.1770,  0.0194, -0.0353],
        [ 0.1665,  0.0753, -0.0236, -0.0230, -0.1293,  0.2219, -0.1127,  0.0627,
          0.1640, -0.0047, -0.0274,  0.1873, -0.0767, -0.0601,  0.1795,  0.1292,
          0.0825, -0.0365, -0.0203,  0.0866],
        [ 0.2198,  0.0734,  0.1930,  0.1658,  0.0011,  0.0901,  0.1348,  0.2347,
          0.0405,  0.2264,  0.1381, -0.1474,  0.0331,  0.1143,  0.1195,  0.0629,
          0.1701, -0.1663,  0.1287, -0.0522],
        [-0.2947, -0.0435, -0.1979,  0.0560,  0.1711,  0.1683,  0.1213, -0.1944,
          0.0311,  0.0004,  0.1543, -0.0147, -0.0617, -0.1722, -0.1938,  0.0913,
          0.1462, -0.2061, -0.0308, -0.1763],
        [ 0.1839, -0.1770, -0.1081,  0.1263,  0.0614, -0.0404,  0.2315,  0.2251,
         -0.0398, -0.1645, -0.0064,  0.1278,  0.1717, -0.0197,  0.2486,  0.1644,
         -0.0914, -0.1961,  0.1834, -0.1125],
        [-0.1008,  0.0265,  0.0843,  0.1156, -0.0349, -0.1411,  0.2192, -0.0946,
          0.2464,  0.1598, -0.1219,  0.0909, -0.1858,  0.2204, -0.1446,  0.1181,
         -0.1193,  0.2047, -0.1764,  0.1209],
        [ 0.1846,  0.1921, -0.0159, -0.2393,  0.0932,  0.2530,  0.0410,  0.1420,
         -0.1975,  0.1196,  0.1672,  0.2222,  0.1953,  0.0131, -0.1471,  0.0776,
          0.0762, -0.2071, -0.1249, -0.2276],
        [-0.2381,  0.0864,  0.1645, -0.0225, -0.0565, -0.1701,  0.2247,  0.1656,
         -0.1240,  0.1472,  0.0562, -0.1281, -0.0307, -0.0724,  0.0978, -0.1080,
         -0.1729, -0.0095, -0.1992,  0.1336],
        [-0.1290,  0.0223,  0.0790, -0.0889,  0.1803,  0.2262,  0.2478,  0.0794,
          0.2241,  0.1165, -0.0728, -0.1216, -0.1728,  0.0955,  0.2421,  0.1900,
          0.0171,  0.1849, -0.0280,  0.0439],
        [ 0.0029, -0.0406, -0.0596,  0.2001,  0.0045,  0.2217,  0.0990,  0.0225,
         -0.1748,  0.0774,  0.1952, -0.1299, -0.2427,  0.0582, -0.0108, -0.0188,
          0.1318, -0.1014,  0.0734,  0.0197]])), ('fc41.bias', tensor([-0.0422,  0.0343, -0.1339, -0.0446, -0.1428,  0.1301,  0.2085,  0.1113,
        -0.1101, -0.0394,  0.0411,  0.0198, -0.0601,  0.0418,  0.0337,  0.0936,
        -0.1286, -0.2365, -0.0271, -0.1520])), ('fc42.weight', tensor([[ 0.0856,  0.1814,  0.1365,  0.0933, -0.0710,  0.0752,  0.1776,  0.0227,
         -0.1050,  0.1191,  0.0511, -0.0808,  0.1808,  0.0103, -0.0622, -0.0777,
          0.1703, -0.2215, -0.1412, -0.0829],
        [-0.0072,  0.1377,  0.0878, -0.0942, -0.1288,  0.0837, -0.0673, -0.0471,
          0.1490, -0.1156, -0.2629,  0.1174, -0.1732, -0.1447, -0.1648,  0.2122,
         -0.0223,  0.1645, -0.1005, -0.0471],
        [ 0.0082,  0.0219, -0.1039,  0.1535, -0.1147, -0.0935,  0.0768,  0.0602,
         -0.0361,  0.0212, -0.0556,  0.2267, -0.1523, -0.2041, -0.1123,  0.1371,
         -0.0018,  0.2045,  0.0161, -0.1625],
        [-0.0601,  0.2074,  0.1343, -0.0259,  0.1559, -0.1244,  0.1171,  0.1438,
          0.0562,  0.1538, -0.0604, -0.1937, -0.0071, -0.0137, -0.0242, -0.0427,
          0.0835, -0.2001,  0.1913,  0.0156],
        [ 0.0206, -0.1328, -0.1027,  0.1239,  0.1933,  0.1400,  0.0440, -0.0097,
         -0.1084,  0.1322,  0.1888, -0.0490,  0.1344, -0.1251, -0.0984,  0.1306,
         -0.0549, -0.0347,  0.1171,  0.1580],
        [ 0.1817, -0.1995, -0.1644,  0.1606, -0.2155,  0.1741,  0.2085, -0.2128,
          0.1872, -0.0527,  0.1281, -0.0086, -0.1415, -0.0893, -0.0270, -0.0975,
          0.0258,  0.1401, -0.1062, -0.0273],
        [ 0.1598, -0.1094, -0.0480, -0.1214, -0.0762, -0.0862,  0.1539, -0.0249,
         -0.0884,  0.0072, -0.0041, -0.1026, -0.0066,  0.0013,  0.1795,  0.1875,
         -0.1594,  0.0553,  0.2127, -0.0262],
        [ 0.1349, -0.2118, -0.1937, -0.1557,  0.1615,  0.0665,  0.0443, -0.0130,
          0.1353,  0.1646, -0.1606, -0.0647,  0.0810,  0.0052, -0.0366,  0.0323,
          0.1577, -0.0884,  0.0179, -0.0153],
        [-0.0557, -0.0889,  0.1070,  0.1354,  0.1419, -0.1055,  0.1961, -0.0930,
         -0.0683,  0.1827,  0.1503, -0.0350, -0.2186, -0.1925, -0.1354, -0.1082,
          0.2116, -0.1736,  0.1233,  0.0838],
        [ 0.1739, -0.1292,  0.2104,  0.1358,  0.0593,  0.1929, -0.1155,  0.2151,
          0.1225,  0.2298, -0.0003, -0.0038, -0.1217,  0.2148, -0.2112, -0.0109,
         -0.0305,  0.1470,  0.1401,  0.0079],
        [ 0.1879, -0.1462,  0.1856,  0.1071, -0.0165, -0.0047, -0.1525, -0.2012,
          0.0066, -0.1104,  0.0541, -0.1040, -0.1239,  0.1982,  0.1255, -0.1059,
         -0.0468, -0.0181, -0.0770,  0.0133],
        [-0.1869, -0.1122, -0.0539,  0.1665, -0.0521, -0.0935,  0.1911,  0.1290,
          0.0381,  0.1031, -0.0490, -0.1467,  0.1183,  0.0749, -0.2155,  0.0691,
         -0.1270,  0.1391,  0.0425, -0.0777],
        [-0.0271,  0.2139, -0.2141, -0.0290, -0.0480, -0.1358, -0.1042,  0.0657,
          0.1083,  0.1505,  0.0098,  0.1729,  0.1382, -0.2135, -0.1830, -0.0178,
         -0.0960, -0.1047,  0.1010, -0.1308],
        [-0.1888,  0.2043,  0.0136, -0.2190, -0.1644,  0.1863, -0.1919, -0.1621,
         -0.1786, -0.2296,  0.0163, -0.1735, -0.1065, -0.0989,  0.1306,  0.1271,
          0.1157,  0.1633,  0.0361,  0.1727],
        [ 0.0486,  0.0401,  0.1784, -0.1369, -0.1892, -0.0546,  0.1814, -0.1335,
         -0.1725,  0.0732, -0.0726,  0.0958, -0.1363,  0.1477, -0.0876,  0.2130,
          0.2194, -0.1576, -0.0197,  0.1768],
        [-0.0160, -0.0489,  0.2429, -0.1014,  0.1820,  0.1296, -0.0297,  0.1609,
         -0.0005, -0.0873,  0.1003, -0.0353,  0.2302,  0.1583,  0.0421, -0.2385,
          0.0554,  0.1958, -0.0805,  0.1881],
        [-0.0962, -0.2241, -0.2333, -0.2050, -0.0841, -0.1125, -0.1815, -0.1508,
          0.0477, -0.1948, -0.1566,  0.2167,  0.0449, -0.2044, -0.0242,  0.1674,
         -0.0433,  0.1754, -0.0089, -0.2003],
        [ 0.2341, -0.0440,  0.0972, -0.0805,  0.2128, -0.0840, -0.0840, -0.1035,
         -0.0343, -0.1841, -0.1024, -0.2083,  0.2421,  0.1522,  0.1392, -0.0385,
          0.1394, -0.0387,  0.1194, -0.1774],
        [ 0.1824,  0.1134, -0.1101, -0.1186,  0.1018, -0.0349, -0.0873, -0.0372,
         -0.0222, -0.1976,  0.0188,  0.0571, -0.0530,  0.1241, -0.0514, -0.0196,
          0.2070, -0.0684, -0.0627,  0.1942],
        [ 0.1481, -0.0102, -0.0325,  0.1112, -0.1519, -0.1690, -0.1367, -0.0396,
         -0.0237, -0.0688,  0.2035,  0.1016,  0.0563, -0.1187, -0.1879,  0.0484,
         -0.1936, -0.0178,  0.1979,  0.0320]])), ('fc42.bias', tensor([ 0.1341,  0.1195, -0.1657, -0.1747, -0.0591,  0.1525,  0.0549,  0.1223,
        -0.2013,  0.1414, -0.0502,  0.0480,  0.0355, -0.0605,  0.1709,  0.0284,
         0.1146,  0.1999,  0.2125,  0.0458])), ('fc51.weight', tensor([[-0.1842, -0.0585, -0.1027, -0.2261, -0.2719, -0.1012, -0.2017,  0.1040,
          0.1228,  0.0676, -0.2180,  0.1086,  0.0967, -0.0430, -0.0225, -0.0491,
          0.0336, -0.2693,  0.1171, -0.0109],
        [-0.0315,  0.0593,  0.1598, -0.0275, -0.0935,  0.2011, -0.2138, -0.0206,
         -0.1168,  0.0845, -0.1909,  0.2006, -0.1807, -0.0416,  0.1063, -0.1516,
          0.0282, -0.0303, -0.1122,  0.1886],
        [-0.1859, -0.0537,  0.1675, -0.1695, -0.0489, -0.0488,  0.0110, -0.1039,
          0.0744,  0.1087,  0.0909,  0.0526,  0.2605, -0.1767,  0.1938, -0.1433,
         -0.2480,  0.2298,  0.0179, -0.1840],
        [ 0.0717, -0.0527,  0.1028, -0.1789, -0.0428,  0.1363,  0.2164,  0.0880,
          0.0853, -0.0733, -0.1317, -0.1639,  0.0408, -0.0635, -0.1384,  0.1496,
          0.1194, -0.0309, -0.1556,  0.2275],
        [-0.1207, -0.0203, -0.1992,  0.0749, -0.1923,  0.0844, -0.0820, -0.1039,
         -0.0040, -0.1070, -0.2030, -0.1492, -0.0518,  0.0686, -0.0685, -0.2305,
          0.1156,  0.1402, -0.1996,  0.1260],
        [-0.0985, -0.0837,  0.1993, -0.1185, -0.2124, -0.0058,  0.2003,  0.0743,
          0.0845, -0.1389, -0.1485,  0.1046,  0.1324, -0.1631,  0.1794,  0.0757,
         -0.1839,  0.1460,  0.0077, -0.0016],
        [ 0.0080,  0.1773,  0.1735, -0.0824, -0.1007,  0.1129, -0.1627,  0.1903,
         -0.1484, -0.0440, -0.0702, -0.0084, -0.0984,  0.1425,  0.1028,  0.1624,
          0.1727, -0.2091, -0.1633,  0.1977],
        [-0.1053, -0.1198,  0.2270, -0.1076,  0.1586, -0.1478,  0.2400,  0.0607,
          0.0397, -0.0390,  0.1398,  0.0919, -0.0098, -0.0978, -0.0388, -0.1364,
         -0.0525, -0.0567, -0.0943, -0.1164],
        [ 0.0550, -0.0717,  0.0374, -0.0407,  0.0653,  0.0368, -0.0602, -0.0284,
         -0.0164, -0.1305, -0.0229,  0.0137, -0.0482,  0.1325, -0.2873, -0.2554,
          0.1873,  0.0518, -0.0521, -0.0072],
        [ 0.0831,  0.1109, -0.0485, -0.1794,  0.0531, -0.1699,  0.0723, -0.0251,
         -0.1557, -0.0084, -0.0330, -0.1885, -0.1907,  0.1590, -0.1398, -0.1061,
         -0.1704, -0.1722, -0.0925, -0.1728],
        [-0.1265, -0.0016, -0.0966,  0.0644,  0.0647, -0.1337, -0.0182,  0.0768,
          0.1164, -0.1283,  0.0674, -0.0629,  0.1803, -0.0149, -0.1212,  0.1511,
         -0.2613, -0.1256,  0.0535,  0.2378],
        [ 0.0567, -0.1442,  0.0745, -0.1186, -0.0904,  0.1869,  0.0697, -0.0177,
         -0.0713,  0.1724, -0.1635, -0.0264,  0.1153, -0.1305,  0.1340,  0.1027,
          0.0425, -0.1528, -0.0890, -0.1152],
        [ 0.0510,  0.1399,  0.1019, -0.1939,  0.1683,  0.1733, -0.1576,  0.0150,
          0.2258, -0.1789,  0.0641,  0.1178, -0.1457,  0.1958, -0.2070,  0.0486,
          0.1361,  0.1405, -0.1765, -0.1643],
        [-0.1026,  0.1126, -0.1918,  0.1009,  0.0486, -0.1664,  0.1125,  0.0050,
          0.0361, -0.0321,  0.1391,  0.0553,  0.2076, -0.0350,  0.0380, -0.0994,
         -0.2069, -0.1574, -0.1000, -0.0550],
        [ 0.2182, -0.0877,  0.1582, -0.0974,  0.1303,  0.1873,  0.2293,  0.1017,
         -0.1449,  0.0736, -0.1853, -0.1961,  0.0879, -0.0680, -0.0058, -0.0435,
          0.1023, -0.1756,  0.0747,  0.0627],
        [ 0.0655, -0.0340,  0.1491,  0.1781, -0.0160,  0.0416, -0.1997,  0.0443,
         -0.1176, -0.0854,  0.1719,  0.0302,  0.0517,  0.0181, -0.0421,  0.0954,
          0.0250, -0.0424,  0.1031, -0.0561],
        [-0.0933, -0.0908,  0.0619,  0.1239,  0.1463, -0.2024,  0.1891,  0.0972,
         -0.0181,  0.0259,  0.0743, -0.0132, -0.1694, -0.1209, -0.0830,  0.0089,
          0.0590,  0.0351, -0.1395, -0.1692],
        [ 0.2152,  0.0204,  0.0732,  0.1393,  0.2170,  0.0535,  0.0438, -0.1984,
         -0.0715, -0.2001, -0.0202,  0.1339,  0.1747,  0.0323,  0.2093,  0.0180,
         -0.1931,  0.0148,  0.0680, -0.0006],
        [-0.0058,  0.1485, -0.1076, -0.0230, -0.0170, -0.1580,  0.2167,  0.0898,
         -0.1270,  0.1771, -0.1691, -0.2028, -0.0403,  0.0817,  0.0538, -0.0966,
          0.0444, -0.1289, -0.0387, -0.1017],
        [ 0.0270,  0.0566,  0.0870, -0.1519, -0.1721, -0.1785, -0.1550, -0.0840,
         -0.1419,  0.1332,  0.1038, -0.1033,  0.1497,  0.0114, -0.0370, -0.0147,
          0.2047,  0.1485, -0.2013, -0.0887]])), ('fc51.bias', tensor([-0.1886, -0.0655,  0.1837, -0.1299, -0.0691, -0.1703, -0.1232,  0.1657,
        -0.1629,  0.0340, -0.1665, -0.1109, -0.0144,  0.0249,  0.1159,  0.1959,
        -0.1677, -0.0882, -0.1501, -0.1811])), ('fc52.weight', tensor([[ 8.8658e-02, -5.6689e-02,  1.0543e-01,  6.3124e-03, -2.1385e-01,
         -8.8819e-02, -5.4253e-02,  2.0881e-01, -2.0541e-01,  4.4157e-02,
         -1.7969e-01,  1.6606e-02, -1.3147e-01, -7.7358e-02,  8.9401e-03,
         -1.6411e-01, -1.4946e-01,  7.2859e-02, -1.2246e-01, -1.4427e-01],
        [ 1.5560e-01, -1.5712e-01,  1.6223e-01, -7.1955e-02, -5.3504e-02,
          2.2816e-02,  1.2299e-01, -9.8333e-02,  1.7368e-01,  3.3953e-02,
         -1.8416e-01,  7.1005e-02, -1.3372e-01,  1.4428e-01,  3.6703e-03,
         -1.2655e-01, -3.6926e-02, -2.5348e-01, -3.4872e-02, -1.6701e-02],
        [-1.6778e-01,  1.0919e-01,  1.3442e-01, -1.7346e-01, -7.0817e-02,
          1.5749e-02,  1.7538e-01,  9.3051e-02,  2.3953e-01, -3.2045e-02,
         -1.9956e-01, -5.6009e-02,  5.8365e-03, -1.5970e-02,  3.3532e-02,
          6.6908e-02, -9.7758e-02,  1.2735e-01, -1.8595e-01,  2.1800e-01],
        [-1.6145e-01, -2.3240e-02, -1.9151e-01, -1.3770e-01,  8.1409e-02,
         -1.9726e-01,  1.6764e-01, -1.0613e-02, -2.1210e-01,  1.2769e-01,
          8.5367e-02, -1.5043e-01, -1.9331e-02,  1.1781e-02,  8.4851e-02,
          7.7151e-02, -1.5723e-01,  2.1268e-01, -6.5109e-02,  2.0477e-01],
        [-1.2244e-01,  1.7973e-01,  8.2070e-02,  2.0409e-01,  8.1273e-02,
          8.2614e-02, -1.3325e-01, -1.5309e-01, -2.5611e-03,  9.8119e-02,
         -2.9818e-02,  6.4594e-02,  1.7921e-01,  2.2088e-01, -7.3068e-02,
          8.7546e-02, -2.1834e-01,  1.9332e-01, -2.3466e-02, -1.1736e-02],
        [ 2.8763e-02, -1.2495e-01, -2.2321e-02,  5.6657e-02, -2.5318e-02,
         -9.1104e-02, -6.6551e-02,  4.6829e-02,  9.0238e-02,  1.8259e-01,
         -1.8047e-01,  5.3426e-02, -8.0438e-02,  1.6847e-03, -7.3189e-02,
          2.0521e-01, -3.7998e-02,  7.5144e-02, -6.0785e-02, -1.4439e-01],
        [ 6.6380e-02, -1.3866e-01,  1.2613e-01,  1.6866e-01,  1.5990e-01,
          8.4723e-02, -3.8641e-03, -3.4972e-02, -3.8536e-02, -4.8889e-02,
          1.2656e-01,  1.2140e-01,  1.5861e-01,  1.3267e-01,  4.5470e-02,
         -8.0809e-02,  8.9790e-02,  1.0451e-01,  1.5129e-01,  1.8926e-02],
        [-2.1151e-02, -1.3555e-01,  1.8565e-01,  2.0726e-01,  2.1270e-01,
         -8.5666e-02, -1.2454e-01, -1.4765e-01, -9.9137e-02, -4.0982e-02,
         -9.5832e-03,  5.2050e-02, -1.9189e-01, -2.0832e-01, -8.6118e-03,
          2.3243e-01, -1.8339e-01,  5.8583e-02, -6.9471e-02,  1.6569e-01],
        [ 1.1611e-01, -1.2711e-02,  1.9745e-01,  8.3846e-02,  8.6102e-02,
          1.6750e-01, -1.8939e-01,  2.1333e-01, -1.6445e-01, -4.2015e-03,
          1.5140e-03,  1.5944e-01,  2.3364e-01, -8.0961e-02, -3.4573e-02,
         -4.3004e-02,  1.8197e-01, -1.3327e-01, -2.0373e-01,  1.4383e-01],
        [-2.0388e-01, -1.9817e-01,  1.0763e-01,  4.5690e-02, -9.0464e-02,
         -1.1723e-01, -1.7632e-01,  7.1185e-02,  9.6412e-02,  2.7696e-02,
          1.3567e-01,  1.6625e-01, -8.3992e-02, -2.1370e-01,  1.4773e-01,
          4.9243e-02,  1.0924e-01, -7.5007e-02,  4.3574e-05, -8.2573e-02],
        [ 8.2887e-02,  2.4278e-01,  1.7827e-01,  1.5895e-01,  6.2020e-03,
          5.0178e-02,  1.5657e-01,  1.5648e-01, -2.0681e-02,  6.0871e-03,
         -1.8865e-01, -1.3545e-01, -1.0770e-01,  1.6402e-01, -2.0191e-01,
         -3.9535e-02, -1.1368e-01, -3.1555e-02, -2.3739e-01, -1.2506e-01],
        [ 3.7512e-02,  9.9142e-02,  1.7225e-01,  1.4744e-01,  1.1906e-01,
         -6.2990e-03,  3.2672e-02, -1.1698e-01,  6.9948e-02, -8.0907e-02,
          3.2155e-02,  7.6769e-02,  2.2617e-01,  4.4215e-02,  2.0098e-01,
          2.0123e-01,  2.0141e-01,  1.9507e-02, -1.6505e-01,  2.0161e-01],
        [ 1.7853e-01,  1.7792e-02,  8.9685e-02, -1.4880e-01, -1.0996e-01,
          1.3277e-01,  2.3849e-01, -2.0559e-01,  1.3934e-01, -2.6988e-02,
         -2.1772e-01,  1.6770e-01,  1.8147e-01, -2.0657e-01,  3.8910e-02,
         -1.3713e-01, -1.4255e-02, -1.3198e-01,  1.9223e-01, -1.1110e-01],
        [ 1.7277e-01, -1.5270e-01, -1.2024e-01,  3.3063e-03,  1.1189e-01,
          9.1134e-02, -1.7972e-02,  1.1240e-02, -5.3268e-02, -7.8527e-02,
         -1.4071e-01, -1.7776e-01,  1.1718e-01,  3.9094e-02, -9.9777e-02,
          3.0971e-02, -1.9693e-01,  6.6377e-03, -4.2134e-02,  3.3929e-02],
        [-2.2860e-02, -1.1518e-01, -1.3700e-01,  9.4333e-02,  1.2698e-02,
         -1.0554e-01, -1.2700e-01,  1.3314e-01, -7.8813e-03,  1.1369e-01,
         -1.3563e-01,  1.9204e-01, -2.7257e-02,  4.8749e-02,  1.5325e-01,
          1.6877e-01, -4.3615e-02, -2.0784e-01,  8.5858e-02,  8.4088e-02],
        [-3.6480e-02, -1.9224e-01, -1.3305e-01,  1.1636e-02,  2.0665e-01,
         -2.1683e-01,  1.7428e-01,  5.8952e-02,  1.5781e-01,  1.0590e-01,
         -9.3168e-02,  2.6037e-02, -1.8870e-01, -1.8739e-01, -1.7390e-01,
          1.3617e-01,  1.6131e-01,  1.6313e-01,  4.9966e-02,  7.6921e-02],
        [ 1.4438e-01, -2.2617e-01,  3.0652e-02,  1.6013e-01,  1.6893e-01,
         -5.8306e-02, -6.9490e-02, -9.0800e-02, -1.5291e-02,  2.1871e-02,
          9.7623e-02, -5.3857e-03,  1.6948e-01,  4.1124e-02,  1.8804e-01,
         -1.4545e-01, -5.6465e-02,  3.4798e-02,  1.3938e-01,  1.8623e-01],
        [-4.6800e-02, -3.2449e-02, -8.9027e-03,  1.2847e-01, -5.5309e-02,
         -1.0816e-01,  1.1756e-01, -1.7781e-02,  2.3289e-02, -1.0242e-01,
          9.2068e-02,  5.2818e-02,  1.2283e-02,  4.9955e-02,  1.4658e-01,
         -1.8954e-01, -8.2354e-02,  1.7430e-01,  1.5382e-01, -1.9402e-01],
        [ 5.5060e-02,  1.9369e-01,  2.9591e-02, -6.1590e-02,  4.0583e-02,
          1.4912e-01,  5.9616e-02,  7.8273e-02, -4.4722e-02, -6.2713e-02,
          1.1534e-02,  1.3812e-01,  1.0074e-01, -6.6968e-02,  4.3817e-02,
          1.2710e-01, -1.1173e-01,  1.1417e-01,  1.9549e-01, -2.7801e-02],
        [ 2.7894e-02,  1.3766e-01, -1.6075e-01, -1.2804e-01,  1.3251e-01,
          1.3376e-01,  7.4801e-02,  1.1897e-01,  1.6387e-01, -1.6145e-01,
         -3.8018e-02,  1.9961e-01,  1.8402e-01,  1.5071e-01, -1.2673e-01,
         -8.8800e-02,  9.6854e-02,  2.2438e-01,  1.9810e-02, -1.5929e-01]])), ('fc52.bias', tensor([ 0.1941, -0.0404, -0.0506, -0.2187,  0.0503,  0.0954, -0.2187,  0.0374,
         0.0093, -0.1365, -0.1704,  0.1506,  0.0392, -0.1328, -0.1693,  0.2344,
         0.2033,  0.0465,  0.1324, -0.0941])), ('fc61.weight', tensor([[-8.1429e-02, -1.1668e-01,  8.2990e-02,  1.1440e-01, -1.2464e-01,
          2.2513e-01,  8.9446e-02,  3.4299e-02,  1.4041e-01,  1.5590e-01,
         -1.9632e-01,  2.5237e-02,  1.6474e-01,  5.0433e-02, -1.7358e-01,
         -2.1736e-03,  1.5860e-01, -1.0503e-01,  1.0556e-01, -8.6333e-02],
        [ 7.9955e-02,  7.6897e-02, -1.0882e-02,  1.4518e-01,  3.7888e-03,
         -1.4176e-01,  7.4274e-02, -1.8033e-01, -4.2296e-02,  5.4103e-02,
         -1.6993e-01,  8.5441e-02, -1.5558e-01,  4.5680e-02, -1.0028e-01,
          9.7627e-02,  1.6039e-02,  3.3854e-02, -1.2304e-01, -2.0276e-01],
        [ 6.6699e-02,  7.4781e-02, -1.2063e-02, -1.6709e-01,  8.1174e-02,
          1.8443e-01,  1.4172e-01,  1.8588e-02,  1.6510e-01,  6.9792e-02,
         -5.4566e-02,  3.3729e-02,  1.7052e-01,  4.4666e-03, -5.0006e-02,
         -1.1152e-01,  1.5619e-01,  1.7794e-01,  1.1755e-02, -1.8144e-01],
        [-5.6352e-02,  6.7617e-02,  8.7545e-02,  7.0643e-03, -1.2136e-01,
         -6.2933e-02,  3.6490e-03,  5.0466e-02, -1.3537e-01,  8.8091e-02,
         -2.9698e-02, -5.2520e-02, -1.9767e-01,  8.4106e-02,  1.1191e-02,
          3.5284e-02,  1.4461e-02, -3.6997e-02, -9.0667e-02, -1.6112e-01],
        [-8.5325e-02, -2.8367e-02,  3.1308e-02, -1.6864e-01,  1.4754e-01,
          6.7795e-02,  1.4374e-01,  2.5168e-01,  1.6992e-01, -4.4380e-02,
         -4.0690e-02,  9.7897e-02,  2.3050e-01, -1.9570e-01, -2.0017e-01,
          1.4687e-01,  1.4964e-03, -6.9103e-03,  2.4744e-01, -1.4836e-01],
        [-9.2818e-02,  2.0495e-01, -6.8024e-02,  1.2836e-01, -9.9096e-02,
         -4.7613e-02,  2.2010e-01,  5.9917e-02, -6.5114e-02,  8.2258e-02,
         -1.6280e-01,  1.0838e-01,  2.2559e-01, -1.4558e-01,  2.2021e-01,
          4.3908e-02,  6.7613e-03, -5.7043e-02, -9.5196e-02, -2.7717e-02],
        [ 1.1329e-01,  1.7365e-01, -2.0175e-01,  1.8279e-02, -1.6401e-02,
          5.5715e-02, -1.1019e-01, -1.6316e-01,  1.8234e-01, -2.2124e-01,
          1.4334e-01,  5.3401e-02,  2.0712e-02, -1.7691e-01, -5.1887e-02,
         -1.1002e-01,  5.5921e-02, -1.5458e-01, -7.5185e-03,  1.6076e-01],
        [ 1.6356e-01, -2.5092e-01, -9.0672e-02, -1.5000e-01, -2.3593e-01,
         -1.0279e-01, -1.0429e-01, -1.5860e-01, -1.2861e-01,  6.3954e-02,
          1.1799e-01,  8.7108e-02,  1.7418e-01,  2.4911e-02,  1.0781e-01,
         -1.3180e-01, -6.4496e-02,  1.5220e-01,  1.4138e-01,  2.7973e-02],
        [ 8.7666e-02,  1.4998e-01, -1.6456e-01,  9.8305e-02,  1.0364e-01,
         -9.1498e-02,  1.6852e-01, -1.6256e-01, -3.5858e-02, -1.4116e-01,
         -1.8197e-01,  1.1789e-01, -1.4486e-01,  3.9477e-02,  3.8824e-02,
          4.1725e-02, -1.9603e-01,  1.1779e-01,  5.9936e-02, -2.0922e-01],
        [-1.3998e-01,  7.7360e-02, -1.8936e-01, -6.7503e-02, -1.4314e-01,
          1.7567e-01,  1.8268e-02,  9.8302e-02,  2.0426e-04,  1.7219e-01,
          1.9976e-01, -1.9148e-01,  9.9780e-02, -1.3452e-01, -2.1360e-01,
          7.9368e-02, -1.6729e-01, -1.5391e-01, -1.4333e-01, -1.3560e-01],
        [-8.7956e-02, -1.8086e-01,  2.2075e-02,  1.7315e-01,  2.0092e-01,
          1.4907e-02, -1.3951e-02, -1.5396e-01, -8.9868e-02, -1.8289e-01,
         -3.4310e-02,  2.1602e-01,  2.0249e-01,  4.2151e-02, -2.6814e-02,
         -1.8594e-01,  1.8786e-01, -5.9030e-03,  1.4450e-01,  2.6848e-02],
        [-1.4028e-02,  1.3688e-01, -2.3322e-01,  1.7083e-01,  5.3867e-02,
         -3.8548e-02, -1.2873e-01,  5.2259e-02,  9.1837e-02, -2.3740e-02,
         -6.7017e-02, -7.1197e-02, -2.3088e-01,  1.5165e-01, -1.0748e-01,
         -8.3611e-02,  3.6717e-02, -1.5917e-01, -8.9096e-02, -2.1593e-01],
        [-4.8959e-02, -1.9851e-01, -2.0007e-02, -1.1574e-01,  1.5640e-01,
          9.2139e-02,  1.8024e-01,  3.6092e-02,  5.4527e-02, -9.1876e-02,
         -1.6503e-02,  9.6564e-02, -1.1207e-01, -1.0424e-02, -1.5787e-01,
          1.6295e-01,  1.7460e-01, -1.5036e-01,  8.4990e-03,  6.8145e-02],
        [ 1.8314e-01, -2.3701e-01,  1.8371e-01, -2.1144e-01,  1.9819e-02,
         -8.3756e-02,  1.4383e-01, -7.9961e-02,  7.8832e-02, -1.9840e-01,
         -1.1837e-01,  2.4899e-01,  1.5955e-01, -1.1419e-01,  1.7543e-03,
          1.6478e-01,  5.1129e-02, -2.4312e-02, -2.3517e-01,  1.5517e-01],
        [ 9.3011e-02,  1.5508e-01, -9.8211e-02, -2.1335e-01,  1.3984e-01,
          1.6292e-01,  1.0595e-01, -5.3469e-02, -8.1607e-02,  4.1003e-02,
         -8.6836e-02, -1.8085e-01,  8.2578e-02,  3.2644e-02, -2.3782e-01,
         -1.0553e-01, -3.2072e-02,  1.6070e-01,  3.3589e-02, -1.4290e-01],
        [-2.0894e-01, -1.1723e-01, -7.7806e-02, -3.7319e-03, -2.2319e-01,
         -3.7808e-02,  1.3250e-01, -1.3651e-01,  2.3155e-01,  5.8925e-03,
          4.3609e-02, -1.8184e-01, -2.2563e-02, -1.4325e-01, -1.5112e-01,
         -1.1402e-01,  1.8799e-02,  7.9668e-02,  1.2737e-01,  1.0860e-01],
        [-1.4294e-01, -3.9947e-02, -1.4848e-01,  1.8533e-01,  1.9641e-01,
          1.2942e-01, -8.4768e-02, -1.0339e-02,  1.5013e-01, -1.9395e-01,
         -1.6423e-01,  1.7082e-01, -1.0543e-02,  2.9649e-02, -5.0241e-02,
         -2.0686e-02,  1.1831e-01, -1.0950e-01,  5.0765e-02,  1.4412e-01],
        [ 1.1789e-01,  5.2778e-02, -2.9435e-02,  1.7843e-03, -2.0908e-01,
         -9.1646e-02, -1.4260e-01, -2.0835e-01,  2.1796e-02,  9.3593e-02,
          7.8069e-02,  5.9439e-03,  2.2178e-01,  7.4015e-02,  1.8733e-03,
         -1.0024e-01,  1.8770e-01, -1.8069e-01, -2.2493e-01, -2.9516e-02],
        [ 1.3194e-01,  1.0139e-01,  1.1681e-02,  1.9469e-02,  6.9069e-02,
         -1.7867e-01, -4.9880e-03, -1.2676e-01, -1.6907e-01, -1.8653e-01,
         -1.9440e-01, -1.7508e-01, -1.6823e-01,  1.0967e-02,  5.1920e-02,
         -1.0472e-01, -1.6836e-01, -1.5684e-01, -1.0001e-01,  1.1201e-02],
        [-5.4514e-02, -1.2310e-01,  7.5927e-02,  3.6034e-02, -5.1804e-03,
          2.1895e-01,  6.4251e-02,  1.1212e-01, -7.5271e-02,  1.7447e-01,
          3.6848e-02,  6.6171e-02,  1.6215e-01, -8.4591e-03,  6.2227e-02,
         -2.0023e-01,  1.1190e-01, -1.9995e-01, -5.9198e-02, -9.4034e-02]])), ('fc61.bias', tensor([ 0.0021,  0.0540, -0.0215, -0.0559,  0.0505,  0.0251,  0.0100, -0.2164,
        -0.1064,  0.1875, -0.0347, -0.2635,  0.1230, -0.2029,  0.0071, -0.0648,
        -0.1121, -0.1492, -0.2024,  0.0459])), ('fc62.weight', tensor([[ 7.0441e-02,  9.9608e-02,  5.4595e-02,  4.5349e-02, -1.7858e-01,
         -4.4643e-02,  2.4499e-02,  2.1500e-03, -5.3292e-02, -1.4775e-01,
          1.1943e-01,  1.5018e-01,  5.7175e-02, -6.9261e-02,  4.4747e-02,
          6.7271e-02,  3.0717e-02,  7.0409e-03, -1.7392e-01,  3.3246e-02],
        [ 1.0206e-01, -1.6154e-01,  2.4056e-01,  1.1674e-01, -2.2716e-01,
          3.3843e-02, -2.0038e-01, -7.8401e-02,  6.6668e-02, -4.6494e-02,
          1.5496e-01,  1.3747e-01,  2.6749e-01, -1.5204e-01, -9.5644e-03,
          9.5345e-02, -5.1283e-02, -1.3994e-01, -9.9387e-02,  1.4810e-01],
        [-1.0658e-01,  4.2395e-02, -2.6035e-03, -9.4793e-02,  1.1521e-01,
         -3.2541e-02, -1.0765e-01, -2.9961e-02, -4.4815e-02,  5.4327e-02,
          2.8389e-02,  1.5522e-01,  1.9365e-01, -1.7592e-01, -8.4763e-02,
          3.4873e-02, -5.5490e-02,  9.0895e-02, -1.2507e-01, -1.5862e-01],
        [-1.3890e-01,  1.1451e-01, -2.0492e-01, -1.7643e-02, -7.0012e-02,
         -4.2820e-02,  1.8007e-01, -7.6268e-02,  2.2261e-01,  1.3978e-01,
          1.5517e-01,  1.6454e-01, -2.1829e-01, -2.3829e-01,  2.1163e-02,
         -1.2907e-01, -4.7756e-02,  9.2622e-02,  1.5094e-01,  4.3615e-02],
        [-1.0620e-01,  1.5757e-01, -1.6639e-01, -6.3629e-02,  9.2538e-02,
          6.5514e-02,  5.3582e-02, -6.4039e-02, -1.5803e-01, -8.4519e-02,
         -1.7856e-01,  5.8951e-02, -4.8293e-02,  1.8145e-01, -1.2686e-01,
          5.9933e-02, -1.3442e-01, -9.7835e-02,  1.6764e-01, -1.9908e-01],
        [ 2.1944e-02, -1.7961e-01, -1.5755e-01, -1.1294e-01, -1.0643e-01,
          6.8625e-02,  8.4864e-02, -6.6502e-02,  1.3676e-01, -1.1206e-01,
          1.3909e-02,  1.5575e-01, -2.0795e-01,  1.6420e-01,  1.9789e-01,
         -1.3146e-01, -1.8865e-01,  1.9002e-02, -1.1406e-02, -5.1379e-02],
        [-2.0700e-01, -3.1554e-02,  4.4747e-02,  1.7205e-01,  2.5283e-02,
         -8.5281e-02, -2.2043e-02, -1.8295e-01, -1.5439e-01, -1.4070e-01,
         -1.5898e-01,  4.1283e-02,  1.5425e-03,  1.3831e-01, -1.0149e-01,
          8.0082e-02,  4.5414e-02,  8.9301e-02,  1.4553e-01, -1.8798e-01],
        [ 1.3926e-01,  1.2180e-01,  5.5935e-02,  1.2092e-01, -1.1985e-01,
         -1.0553e-01, -1.5039e-01,  2.0400e-01,  1.6586e-01, -3.9742e-02,
          1.3982e-01,  8.2882e-02,  1.5245e-01, -7.2475e-02, -1.2625e-01,
          4.4295e-03,  3.8534e-02,  1.8373e-01, -8.6321e-02,  6.5713e-02],
        [ 8.2068e-04,  3.5794e-02, -6.8157e-02,  1.2244e-01,  3.2475e-02,
         -9.3127e-02,  1.1959e-01,  1.8344e-01,  7.7530e-02,  1.2496e-02,
          1.3804e-01,  2.7520e-03,  1.2729e-02, -1.9784e-01, -2.0240e-01,
         -1.4332e-03,  6.4573e-02, -3.6338e-02, -7.1507e-04, -7.9523e-02],
        [ 1.6920e-01, -4.4740e-02,  2.0329e-01, -1.0022e-01,  1.3591e-01,
          1.5177e-01,  2.7751e-02,  1.8254e-01, -8.0525e-02, -1.6747e-01,
         -1.2787e-01, -7.6545e-02,  1.6496e-01,  9.4049e-02, -1.8274e-01,
          1.2689e-01, -1.1946e-01, -5.3374e-02, -1.8183e-01,  1.0032e-01],
        [-6.1263e-03,  1.0965e-01,  7.1433e-03,  1.1383e-01, -1.2180e-01,
         -1.3608e-01,  2.0382e-01,  5.3026e-02, -1.0626e-01,  4.4718e-02,
          3.2202e-02,  1.5973e-01, -2.2483e-01, -1.0776e-01, -6.1845e-02,
          2.0918e-02,  5.8537e-02, -2.1569e-01,  3.6701e-02, -1.8813e-01],
        [ 1.9961e-02, -7.5532e-03,  1.2634e-01, -1.3553e-01, -4.3673e-02,
          2.0472e-02,  1.6065e-01,  1.2243e-01,  9.9489e-02,  1.6777e-01,
          1.4889e-01, -3.3859e-03,  9.0349e-02,  1.8355e-02, -1.1387e-01,
          1.2935e-01, -2.3589e-02, -1.8150e-01, -1.7259e-01,  3.7016e-02],
        [-1.3512e-01, -2.1787e-02, -9.5708e-02,  1.2793e-01, -1.2153e-01,
          4.6036e-02,  1.6438e-01, -1.4504e-01,  1.4707e-01, -6.5681e-02,
          8.5100e-02,  2.7511e-02, -6.5319e-02, -1.7458e-01, -9.0885e-02,
         -2.5105e-02,  1.9154e-02,  1.5385e-02,  1.8559e-01, -2.6812e-01],
        [-6.0718e-02, -1.0508e-01, -2.0464e-01, -8.7604e-03,  6.3540e-02,
          5.1262e-02,  1.4321e-01,  9.6484e-02, -1.0525e-01,  7.9200e-02,
          1.7086e-02, -8.8067e-02,  8.8414e-02,  1.2978e-01, -1.0053e-01,
          6.8064e-03, -5.7068e-02, -1.0768e-02,  1.2694e-01, -1.9646e-01],
        [-1.2504e-01,  3.7429e-02, -6.2283e-02, -2.1335e-02, -1.6685e-01,
          4.5866e-02, -2.6450e-01,  7.4421e-02, -2.1279e-01,  7.3013e-02,
          4.0478e-02, -1.7131e-01,  1.2632e-02, -1.1967e-01,  1.3108e-01,
          5.2799e-02,  5.8940e-02,  2.0345e-01, -1.4578e-01, -1.2949e-01],
        [ 1.2893e-01, -1.4648e-01,  2.5392e-01, -9.3804e-02, -1.7670e-03,
          9.6922e-02, -9.9006e-02, -1.5127e-01, -8.1810e-02, -3.1711e-02,
         -2.2939e-02,  4.8555e-02,  1.2256e-01, -1.1658e-01,  2.9095e-02,
          1.2737e-01, -8.6435e-04,  1.4542e-01, -7.6531e-02,  7.2891e-02],
        [-1.3149e-01,  1.0633e-01,  9.6411e-02, -1.3790e-01,  8.4334e-02,
          1.2794e-01, -2.7373e-02, -1.1581e-01,  1.2729e-01,  1.8843e-01,
          8.2651e-02,  5.6310e-02, -2.5900e-01, -2.2755e-01, -6.3115e-02,
         -1.5464e-01,  1.3862e-01,  1.1178e-01,  1.6523e-01, -1.9142e-01],
        [-1.5149e-01, -3.7088e-02,  1.9259e-01,  1.5238e-01, -1.6707e-01,
         -6.1962e-02, -8.0702e-02,  1.5674e-01,  7.0951e-02,  1.3717e-01,
          1.3880e-01,  2.3684e-04, -4.3889e-02, -2.4545e-02, -1.4186e-01,
         -3.4044e-02,  1.1044e-01, -1.4206e-01,  1.2725e-01,  3.2063e-02],
        [ 1.8195e-01,  4.9254e-02,  2.5358e-02,  2.4215e-02, -8.1362e-02,
         -1.5228e-01, -2.5322e-03,  1.4293e-01, -2.2704e-02,  7.0635e-02,
         -7.4657e-02, -2.6747e-02,  1.6951e-01,  1.5740e-01, -1.3921e-01,
          1.6996e-01,  1.2778e-01,  1.5782e-01,  7.3942e-02, -1.9086e-01],
        [ 4.2625e-02,  4.9474e-02, -6.9838e-02,  1.2022e-01, -1.6093e-01,
          5.2659e-02, -5.7044e-02, -7.1755e-02, -1.1450e-01,  9.7941e-03,
         -3.5646e-02, -2.3513e-02,  3.9460e-02,  9.5032e-02,  3.8899e-02,
          5.0605e-02, -1.4699e-01,  2.5684e-01, -1.4064e-03,  6.3405e-02]])), ('fc62.bias', tensor([-0.0622,  0.0431,  0.0443,  0.1177,  0.0025,  0.0683,  0.1620, -0.0039,
        -0.0536, -0.1336,  0.1094, -0.0562,  0.0369, -0.0565,  0.0265, -0.0321,
        -0.0684, -0.0064, -0.0814,  0.0757]))])
